0.0072475 2.652e-12 1.1316e-12
0.019743 1.1144e-07 2.8989e-09
0.032238 9.7453e-07 8.6842e-09
0.044733 1.4687e-06 1.0727e-08
0.057228 1.4275e-06 1.0597e-08
0.069722 1.2699e-06 9.9861e-09
0.082217 1.1185e-06 9.3633e-09
0.094713 9.9044e-07 8.7968e-09
0.10721 8.7785e-07 8.2641e-09
0.1197 7.8753e-07 7.8264e-09
0.1322 7.1291e-07 7.4344e-09
0.14469 6.5564e-07 7.1235e-09
0.15719 5.9231e-07 6.7688e-09
0.16968 5.3973e-07 6.4595e-09
0.18218 5.0262e-07 6.2308e-09
0.19467 4.643e-07 5.986e-09
0.20717 4.3477e-07 5.7953e-09
0.21966 4.0545e-07 5.5939e-09
0.23216 3.9075e-07 5.4981e-09
0.24465 3.5877e-07 5.264e-09
0.25715 3.3218e-07 5.0654e-09
0.26964 3.1678e-07 4.9475e-09
0.28214 3.0783e-07 4.8771e-09
0.29463 2.9143e-07 4.7366e-09
0.30713 2.68e-07 4.5418e-09
0.31962 2.473e-07 4.3676e-09
0.33212 2.4579e-07 4.3564e-09
0.34461 2.3844e-07 4.2884e-09
0.35711 2.1698e-07 4.0849e-09
0.3696 2.1196e-07 4.0466e-09
0.3821 2.036e-07 3.9607e-09
0.39459 1.9443e-07 3.8711e-09
0.40709 1.7781e-07 3.7042e-09
0.41958 1.8079e-07 3.7397e-09
0.43208 1.6961e-07 3.6219e-09
0.44457 1.6953e-07 3.6131e-09
0.45707 1.5866e-07 3.4975e-09
0.46956 1.5513e-07 3.4587e-09
0.48206 1.438e-07 3.3271e-09
0.49455 1.4426e-07 3.3327e-09
0.50705 1.3794e-07 3.2648e-09
0.51954 1.2692e-07 3.1283e-09
0.53204 1.2767e-07 3.136e-09
0.54453 1.2343e-07 3.0819e-09
0.55703 1.2184e-07 3.0661e-09
0.56952 1.1455e-07 2.9775e-09
0.58202 1.0432e-07 2.8336e-09
0.59451 1.0757e-07 2.8779e-09
0.60701 1.0555e-07 2.8489e-09
0.6195 1.0147e-07 2.7996e-09
0.632 9.8818e-08 2.7587e-09
0.64449 9.4967e-08 2.7023e-09
0.65699 8.9584e-08 2.6248e-09
0.66948 9.3128e-08 2.6788e-09
0.68198 8.9591e-08 2.6275e-09
0.69447 8.5572e-08 2.5702e-09
0.70697 7.6256e-08 2.4246e-09
0.71946 7.4679e-08 2.397e-09
0.73196 7.9812e-08 2.4828e-09
0.74445 7.3618e-08 2.3823e-09
0.75695 7.2329e-08 2.3592e-09
0.76944 6.8397e-08 2.2972e-09
0.78194 6.592e-08 2.255e-09
0.79443 6.6378e-08 2.2629e-09
0.80693 6.805e-08 2.291e-09
0.81942 6.5586e-08 2.2574e-09
0.83192 6.4307e-08 2.2277e-09
0.84441 6.0444e-08 2.1597e-09
0.85691 5.8728e-08 2.1266e-09
0.8694 6.0227e-08 2.1537e-09
0.8819 5.9199e-08 2.1377e-09
0.89439 5.2013e-08 2.0008e-09
0.90689 5.0327e-08 1.9712e-09
0.91938 5.2409e-08 2.0089e-09
0.93188 4.9497e-08 1.9555e-09
0.94437 4.77e-08 1.92e-09
0.95687 4.062e-08 1.7686e-09
0.96936 4.9179e-08 1.9461e-09
0.98186 4.5391e-08 1.8696e-09
0.99435 4.3613e-08 1.836e-09
1.0068 4.4234e-08 1.8494e-09
1.0193 4.5697e-08 1.876e-09
1.0318 4.0464e-08 1.7658e-09
1.0443 4.1897e-08 1.7998e-09
1.0568 3.7532e-08 1.7008e-09
1.0693 3.983e-08 1.7518e-09
1.0818 3.8303e-08 1.718e-09
1.0943 3.7281e-08 1.695e-09
1.1068 3.5135e-08 1.6451e-09
1.1193 3.5679e-08 1.6584e-09
1.1318 3.636e-08 1.6738e-09
1.1443 3.2505e-08 1.5827e-09
1.1568 3.2299e-08 1.5783e-09
1.1693 3.2053e-08 1.5718e-09
1.1818 3.1647e-08 1.5615e-09
1.1943 3.3115e-08 1.5973e-09
1.2068 3.128e-08 1.553e-09
1.2193 3.0264e-08 1.527e-09
1.2318 3.0097e-08 1.5228e-09
1.2443 2.8811e-08 1.4905e-09
1.2567 2.5785e-08 1.4097e-09
1.2692 3.1264e-08 1.5524e-09
1.2817 2.4401e-08 1.3716e-09
1.2942 2.7168e-08 1.4471e-09
1.3067 2.5558e-08 1.4036e-09
1.3192 2.5567e-08 1.4085e-09
1.3317 2.6099e-08 1.4186e-09
1.3442 2.5953e-08 1.4147e-09
1.3567 2.2534e-08 1.3179e-09
1.3692 2.6174e-08 1.4207e-09
1.3817 2.2783e-08 1.3255e-09
1.3942 2.4085e-08 1.3627e-09
1.4067 2.162e-08 1.2912e-09
1.4192 2.0839e-08 1.2674e-09
1.4317 2.1005e-08 1.2728e-09
1.4442 2.0007e-08 1.2424e-09
1.4567 1.8849e-08 1.2107e-09
1.4692 1.9609e-08 1.2297e-09
1.4817 2.1075e-08 1.2792e-09
1.4942 1.9918e-08 1.2393e-09
1.5066 1.8685e-08 1.2004e-09
1.5191 1.6449e-08 1.1262e-09
1.5316 1.7758e-08 1.1702e-09
1.5441 1.8223e-08 1.1855e-09
1.5566 1.76e-08 1.1701e-09
1.5691 1.6369e-08 1.1289e-09
1.5816 1.5599e-08 1.0971e-09
1.5941 1.8528e-08 1.1955e-09
1.6066 1.5212e-08 1.0832e-09
1.6191 1.4832e-08 1.0697e-09
1.6316 1.4902e-08 1.0722e-09
1.6441 1.3054e-08 1.0035e-09
1.6566 1.3356e-08 1.0148e-09
1.6691 1.3975e-08 1.0381e-09
1.6816 1.3974e-08 1.0383e-09
1.6941 1.3741e-08 1.0295e-09
1.7066 1.2357e-08 9.7638e-10
1.7191 1.2202e-08 9.7027e-10
1.7316 1.2195e-08 9.6981e-10
1.7441 1.3817e-08 1.0324e-09
1.7565 9.8058e-09 8.6972e-10
1.769 1.2273e-08 9.7294e-10
1.7815 9.8827e-09 8.7296e-10
1.794 1.1893e-08 9.5802e-10
1.8065 9.5716e-09 8.5931e-10
1.819 1.1737e-08 9.5171e-10
1.8315 9.8782e-09 8.7288e-10
1.844 8.4912e-09 8.0931e-10
1.8565 1.1352e-08 9.3605e-10
1.869 9.4205e-09 8.5257e-10
1.8815 8.7271e-09 8.2069e-10
1.894 9.4938e-09 8.5581e-10
1.9065 9.1097e-09 8.3838e-10
1.919 9.6494e-09 8.6277e-10
1.9315 7.7198e-09 7.7174e-10
1.944 7.2559e-09 7.4816e-10
1.9565 6.7924e-09 7.2388e-10
1.969 8.0267e-09 7.8693e-10
1.9815 7.2576e-09 7.4829e-10
1.994 8.2599e-09 7.9841e-10
2.0064 6.5614e-09 7.1149e-10
2.0189 7.0265e-09 7.3637e-10
2.0314 6.2519e-09 6.9451e-10
2.0439 5.1718e-09 6.3174e-10
2.0564 6.2527e-09 6.9458e-10
2.0689 5.5589e-09 6.5502e-10
2.0814 6.0991e-09 6.8596e-10
2.0939 6.0993e-09 6.8599e-10
2.1064 6.0204e-09 6.8161e-10
2.1189 5.4035e-09 6.4572e-10
2.1314 4.9399e-09 6.1741e-10
2.1439 5.7893e-09 6.6841e-10
2.1564 3.5505e-09 5.2346e-10
2.1689 4.5546e-09 5.9288e-10
2.1814 3.7827e-09 5.4021e-10
2.1939 5.1716e-09 6.3176e-10
2.2064 4.1686e-09 5.6716e-10
2.2189 4.1683e-09 5.6718e-10
2.2314 3.4738e-09 5.1775e-10
2.2439 2.7016e-09 4.5662e-10
2.2563 3.3969e-09 5.1201e-10
2.2688 2.3161e-09 4.2285e-10
2.2813 3.783e-09 5.4042e-10
2.2938 2.9333e-09 4.7584e-10
2.3063 2.9334e-09 4.7576e-10
2.3188 2.6245e-09 4.5007e-10
2.3313 2.5475e-09 4.4346e-10
2.3438 2.0078e-09 3.9367e-10
2.3563 1.9296e-09 3.8592e-10
2.3688 2.0068e-09 3.9356e-10
2.3813 1.3893e-09 3.2742e-10
2.3938 1.3125e-09 3.1832e-10
2.4063 1.3894e-09 3.275e-10
2.4188 1.3126e-09 3.183e-10
2.4313 1.0806e-09 2.888e-10
2.4438 9.2651e-10 2.6746e-10
2.4563 6.1754e-10 2.1833e-10
2.4688 6.1743e-10 2.1829e-10
2.4813 6.1746e-10 2.1831e-10
2.4938 1.5437e-10 1.0916e-10