0.015997 3.4941e-06 2.6094e-09
0.045992 6.2047e-06 4.0621e-09
0.075987 4.1359e-06 3.2884e-09
0.10598 3.0936e-06 2.8296e-09
0.13598 2.4843e-06 2.535e-09
0.16597 2.0697e-06 2.316e-09
0.19597 1.7756e-06 2.1499e-09
0.22596 1.5522e-06 2.0145e-09
0.25596 1.3817e-06 1.9044e-09
0.28595 1.2389e-06 1.8062e-09
0.31595 1.1224e-06 1.7207e-09
0.34594 1.0288e-06 1.65e-09
0.37594 9.4537e-07 1.583e-09
0.40593 8.7053e-07 1.5211e-09
0.43593 8.1156e-07 1.4697e-09
0.46592 7.6004e-07 1.4246e-09
0.49592 7.0945e-07 1.3769e-09
0.52591 6.7461e-07 1.3439e-09
0.55591 6.2623e-07 1.2964e-09
0.5859 5.9227e-07 1.2619e-09
0.6159 5.5901e-07 1.2272e-09
0.64589 5.3293e-07 1.1993e-09
0.67589 5.0556e-07 1.1694e-09
0.70588 4.8262e-07 1.1435e-09
0.73588 4.5824e-07 1.1151e-09
0.76587 4.3802e-07 1.0918e-09
0.79587 4.163e-07 1.0654e-09
0.82586 3.995e-07 1.0442e-09
0.85586 3.826e-07 1.0233e-09
0.88585 3.6723e-07 1.0032e-09
0.91585 3.5285e-07 9.843e-10
0.94584 3.4139e-07 9.6909e-10
0.97584 3.2526e-07 9.4704e-10
1.0058 3.1503e-07 9.3273e-10
1.0358 3.0295e-07 9.1513e-10
1.0658 2.933e-07 9.012e-10
1.0958 2.813e-07 8.8331e-10
1.1258 2.7267e-07 8.7067e-10
1.1558 2.6494e-07 8.5828e-10
1.1858 2.5298e-07 8.3952e-10
1.2158 2.4592e-07 8.2816e-10
1.2458 2.3817e-07 8.1541e-10
1.2758 2.3132e-07 8.0435e-10
1.3058 2.2493e-07 7.9384e-10
1.3358 2.1797e-07 7.8195e-10
1.3658 2.106e-07 7.6893e-10
1.3958 2.0456e-07 7.5842e-10
1.4258 1.9836e-07 7.4736e-10
1.4558 1.9237e-07 7.3624e-10
1.4858 1.8667e-07 7.2576e-10
1.5157 1.817e-07 7.1622e-10
1.5457 1.7758e-07 7.0874e-10
1.5757 1.729e-07 6.9981e-10
1.6057 1.6744e-07 6.8887e-10
1.6357 1.6219e-07 6.7823e-10
1.6657 1.5854e-07 6.7105e-10
1.6957 1.5437e-07 6.6256e-10
1.7257 1.4943e-07 6.5199e-10
1.7557 1.4711e-07 6.4747e-10
1.7857 1.4317e-07 6.3886e-10
1.8157 1.3953e-07 6.3106e-10
1.8457 1.3647e-07 6.2448e-10
1.8757 1.3182e-07 6.1399e-10
1.9057 1.29e-07 6.0755e-10
1.9357 1.253e-07 5.9928e-10
1.9657 1.2332e-07 5.9463e-10
1.9957 1.205e-07 5.8816e-10
2.0257 1.1851e-07 5.8355e-10
2.0557 1.1495e-07 5.7494e-10
2.0857 1.1177e-07 5.6706e-10
2.1156 1.0998e-07 5.629e-10
2.1456 1.0775e-07 5.5723e-10
2.1756 1.0524e-07 5.51e-10
2.2056 1.0368e-07 5.4707e-10
2.2356 1.0016e-07 5.3775e-10
2.2656 9.7718e-08 5.3154e-10
2.2956 9.5427e-08 5.2555e-10
2.3256 9.3342e-08 5.1973e-10
2.3556 9.0887e-08 5.1314e-10
2.3856 8.9796e-08 5.1026e-10
2.4156 8.821e-08 5.0578e-10
2.4456 8.6074e-08 4.9985e-10
2.4756 8.4134e-08 4.943e-10
2.5056 8.3115e-08 4.9157e-10
2.5356 8.1129e-08 4.859e-10
2.5656 7.8271e-08 4.7745e-10
2.5956 7.7221e-08 4.7435e-10
2.6256 7.5672e-08 4.6955e-10
2.6556 7.372e-08 4.6372e-10
2.6856 7.2082e-08 4.587e-10
2.7155 7.1134e-08 4.559e-10
2.7455 7.0719e-08 4.5441e-10
2.7755 6.8813e-08 4.4871e-10
2.8055 6.7219e-08 4.4356e-10
2.8355 6.5178e-08 4.368e-10
2.8655 6.405e-08 4.3312e-10
2.8955 6.3291e-08 4.3071e-10
2.9255 6.1869e-08 4.2603e-10
2.9555 6.0824e-08 4.2241e-10
2.9855 5.9231e-08 4.1716e-10
3.0155 5.7721e-08 4.1194e-10
3.0455 5.7746e-08 4.1248e-10
3.0755 5.5645e-08 4.0445e-10
3.1055 5.4543e-08 4.0052e-10
3.1355 5.4483e-08 4.0061e-10
3.1655 5.2729e-08 3.9416e-10
3.1955 5.2246e-08 3.9252e-10
3.2255 5.1069e-08 3.8816e-10
3.2555 5.0336e-08 3.8546e-10
3.2855 4.9148e-08 3.8088e-10
3.3154 4.8165e-08 3.7732e-10
3.3454 4.7169e-08 3.7342e-10
3.3754 4.6087e-08 3.692e-10
3.4054 4.5386e-08 3.6643e-10
3.4354 4.4825e-08 3.6432e-10
3.4654 4.3448e-08 3.5875e-10
3.4954 4.2311e-08 3.5399e-10
3.5254 4.1844e-08 3.5198e-10
3.5554 4.0857e-08 3.4804e-10
3.5854 4.0435e-08 3.4638e-10
3.6154 3.9839e-08 3.4395e-10
3.6454 3.9628e-08 3.4303e-10
3.6754 3.8235e-08 3.3728e-10
3.7054 3.7823e-08 3.3532e-10
3.7354 3.7083e-08 3.3219e-10
3.7654 3.6212e-08 3.2826e-10
3.7954 3.5478e-08 3.2491e-10
3.8254 3.4578e-08 3.2093e-10
3.8554 3.4051e-08 3.1845e-10
3.8854 3.2819e-08 3.1267e-10
3.9153 3.277e-08 3.1276e-10
3.9453 3.178e-08 3.079e-10
3.9753 3.1229e-08 3.0536e-10
4.0053 3.0426e-08 3.015e-10
4.0353 2.9777e-08 2.9833e-10
4.0653 2.9595e-08 2.9735e-10
4.0953 2.8482e-08 2.9183e-10
4.1253 2.8467e-08 2.9171e-10
4.1553 2.7884e-08 2.8884e-10
4.1853 2.673e-08 2.8288e-10
4.2153 2.6339e-08 2.8091e-10
4.2453 2.5902e-08 2.7851e-10
4.2753 2.5664e-08 2.7725e-10
4.3053 2.4582e-08 2.7142e-10
4.3353 2.4592e-08 2.7146e-10
4.3653 2.3479e-08 2.6532e-10
4.3953 2.3584e-08 2.6612e-10
4.4253 2.2643e-08 2.607e-10
4.4553 2.2139e-08 2.5785e-10
4.4853 2.1697e-08 2.5524e-10
4.5152 2.1476e-08 2.5417e-10
4.5452 2.0926e-08 2.5093e-10
4.5752 1.9644e-08 2.4306e-10
4.6052 1.9613e-08 2.4296e-10
4.6352 1.9223e-08 2.4052e-10
4.6652 1.8687e-08 2.3722e-10
4.6952 1.8302e-08 2.3481e-10
4.7252 1.7552e-08 2.2998e-10
4.7552 1.6811e-08 2.2504e-10
4.7852 1.6919e-08 2.2581e-10
4.8152 1.5888e-08 2.1893e-10
4.8452 1.5983e-08 2.196e-10
4.8752 1.5562e-08 2.1667e-10
4.9052 1.469e-08 2.1049e-10
4.9352 1.4658e-08 2.1044e-10
4.9652 1.4107e-08 2.0638e-10
4.9952 1.3397e-08 2.0111e-10
5.0252 1.2984e-08 1.9804e-10
5.0552 1.241e-08 1.9379e-10
5.0852 1.198e-08 1.9025e-10
5.1151 1.1762e-08 1.8866e-10
5.1451 1.1415e-08 1.8591e-10
5.1751 1.1142e-08 1.8364e-10
5.2051 1.0211e-08 1.7578e-10
5.2351 1.0173e-08 1.7551e-10
5.2651 9.6197e-09 1.7063e-10
5.2951 9.1439e-09 1.6638e-10
5.3251 8.8105e-09 1.6338e-10
5.3551 8.2666e-09 1.5828e-10
5.3851 7.7291e-09 1.5302e-10
5.4151 7.4807e-09 1.5059e-10
5.4451 7.104e-09 1.4678e-10
5.4751 6.5897e-09 1.4136e-10
5.5051 6.1328e-09 1.3636e-10
5.5351 5.8118e-09 1.3287e-10
5.5651 5.3686e-09 1.2763e-10
5.5951 5.0526e-09 1.24e-10
5.6251 4.818e-09 1.2094e-10
5.6551 4.2461e-09 1.1365e-10
5.6851 3.86e-09 1.0838e-10
5.715 3.5167e-09 1.0338e-10
5.745 3.1156e-09 9.7318e-11
5.775 2.5689e-09 8.8366e-11
5.805 2.1173e-09 8.0244e-11
5.835 1.8659e-09 7.5341e-11
5.865 1.6161e-09 7.0119e-11
5.895 1.2029e-09 6.0492e-11
5.925 8.4926e-10 5.0844e-11
5.955 4.9329e-10 3.8757e-11
5.985 1.4916e-10 2.1308e-11