0.0072475 2.0292e-07 3.6325e-09
0.019743 2.2913e-06 1.3241e-08
0.032238 2.1242e-06 1.2936e-08
0.044733 1.6104e-06 1.1242e-08
0.057228 1.2389e-06 9.8466e-09
0.069722 1.0412e-06 9.0216e-09
0.082217 8.6585e-07 8.2231e-09
0.094713 7.6277e-07 7.6819e-09
0.10721 6.4725e-07 7.0755e-09
0.1197 5.8253e-07 6.713e-09
0.1322 5.269e-07 6.3846e-09
0.14469 4.7299e-07 6.0513e-09
0.15719 4.3184e-07 5.7811e-09
0.16968 4.0531e-07 5.6021e-09
0.18218 3.6423e-07 5.2977e-09
0.19467 3.377e-07 5.1114e-09
0.20717 3.1095e-07 4.8978e-09
0.21966 2.9016e-07 4.736e-09
0.23216 2.7922e-07 4.6396e-09
0.24465 2.6416e-07 4.5056e-09
0.25715 2.4838e-07 4.3777e-09
0.26964 2.2708e-07 4.18e-09
0.28214 2.1514e-07 4.0677e-09
0.29463 2.0683e-07 3.9871e-09
0.30713 1.9712e-07 3.8961e-09
0.31962 1.8153e-07 3.735e-09
0.33212 1.7279e-07 3.6442e-09
0.34461 1.6533e-07 3.5685e-09
0.35711 1.5347e-07 3.4487e-09
0.3696 1.5055e-07 3.4097e-09
0.3821 1.4862e-07 3.3861e-09
0.39459 1.4504e-07 3.3408e-09
0.40709 1.3522e-07 3.2216e-09
0.41958 1.2864e-07 3.1467e-09
0.43208 1.2424e-07 3.0909e-09
0.44457 1.1432e-07 2.9628e-09
0.45707 1.1631e-07 2.9888e-09
0.46956 1.1161e-07 2.9318e-09
0.48206 1.0914e-07 2.8996e-09
0.49455 1.0269e-07 2.811e-09
0.50705 9.6818e-08 2.7299e-09
0.51954 9.4197e-08 2.6924e-09
0.53204 9.0026e-08 2.6372e-09
0.54453 8.571e-08 2.5688e-09
0.55703 8.3772e-08 2.5376e-09
0.56952 8.1092e-08 2.4994e-09
0.58202 7.7224e-08 2.4388e-09
0.59451 7.3841e-08 2.3855e-09
0.60701 7.3753e-08 2.3814e-09
0.6195 7.2378e-08 2.3591e-09
0.632 7.0599e-08 2.3301e-09
0.64449 6.5516e-08 2.2447e-09
0.65699 6.882e-08 2.3006e-09
0.66948 6.2345e-08 2.1922e-09
0.68198 6.1413e-08 2.1736e-09
0.69447 6.0576e-08 2.1615e-09
0.70697 5.8484e-08 2.1211e-09
0.71946 5.7014e-08 2.0944e-09
0.73196 5.7403e-08 2.1014e-09
0.74445 5.3563e-08 2.03e-09
0.75695 5.4322e-08 2.0504e-09
0.76944 4.9623e-08 1.9542e-09
0.78194 4.7298e-08 1.9078e-09
0.79443 4.724e-08 1.9068e-09
0.80693 4.8241e-08 1.927e-09
0.81942 4.6078e-08 1.8831e-09
0.83192 4.3693e-08 1.837e-09
0.84441 4.5534e-08 1.8723e-09
0.85691 4.0903e-08 1.7809e-09
0.8694 4.2618e-08 1.8149e-09
0.8819 3.9311e-08 1.7438e-09
0.89439 3.8199e-08 1.7146e-09
0.90689 3.5983e-08 1.6645e-09
0.91938 3.8586e-08 1.7237e-09
0.93188 4.1529e-08 1.7886e-09
0.94437 3.4345e-08 1.6264e-09
0.95687 3.219e-08 1.5747e-09
0.96936 3.1959e-08 1.5686e-09
0.98186 3.3265e-08 1.6004e-09
0.99435 3.1728e-08 1.5634e-09
1.0068 3.1734e-08 1.5635e-09
1.0193 3.242e-08 1.5804e-09
1.0318 3.259e-08 1.585e-09
1.0443 2.9016e-08 1.495e-09
1.0568 2.8641e-08 1.4853e-09
1.0693 2.8252e-08 1.4796e-09
1.0818 3.0245e-08 1.5264e-09
1.0943 2.7019e-08 1.4428e-09
1.1068 2.5546e-08 1.403e-09
1.1193 2.4473e-08 1.3732e-09
1.1318 2.5464e-08 1.4006e-09
1.1443 2.2612e-08 1.3199e-09
1.1568 2.4159e-08 1.3643e-09
1.1693 2.239e-08 1.3138e-09
1.1818 2.3932e-08 1.3625e-09
1.1943 2.3012e-08 1.3364e-09
1.2068 1.9834e-08 1.2362e-09
1.2193 2.0922e-08 1.2699e-09
1.2318 2.1381e-08 1.2837e-09
1.2443 2.0303e-08 1.2508e-09
1.2567 1.884e-08 1.2048e-09
1.2692 1.7984e-08 1.1772e-09
1.2817 1.8367e-08 1.1898e-09
1.2942 1.7673e-08 1.1669e-09
1.3067 1.8843e-08 1.2055e-09
1.3192 1.6215e-08 1.118e-09
1.3317 1.5667e-08 1.0988e-09
1.3442 1.9996e-08 1.2418e-09
1.3567 1.6064e-08 1.1129e-09
1.3692 1.5981e-08 1.11e-09
1.3817 1.4135e-08 1.0443e-09
1.3942 1.544e-08 1.0911e-09
1.4067 1.5833e-08 1.1051e-09
1.4192 1.5059e-08 1.0776e-09
1.4317 1.5129e-08 1.08e-09
1.4442 1.6063e-08 1.1131e-09
1.4567 1.4585e-08 1.0603e-09
1.4692 1.421e-08 1.0469e-09
1.4817 1.5217e-08 1.0836e-09
1.4942 1.2433e-08 9.7916e-10
1.5066 1.2206e-08 9.705e-10
1.5191 1.2657e-08 9.8781e-10
1.5316 1.4672e-08 1.0639e-09
1.5441 1.2816e-08 9.9423e-10
1.5566 1.2118e-08 9.6662e-10
1.5691 1.1809e-08 9.5421e-10
1.5816 1.1657e-08 9.482e-10
1.5941 9.5716e-09 8.5904e-10
1.6066 1.0347e-08 8.9336e-10
1.6191 1.1037e-08 9.2255e-10
1.6316 1.0268e-08 8.8986e-10
1.6441 1.0266e-08 8.8967e-10
1.6566 9.1085e-09 8.3807e-10
1.6691 1.0571e-08 9.0289e-10
1.6816 1.0653e-08 9.0645e-10
1.6941 1.0041e-08 8.8027e-10
1.7066 1.0343e-08 8.9312e-10
1.7191 8.4909e-09 8.0925e-10
1.7316 8.4991e-09 8.1002e-10
1.7441 8.2603e-09 7.9815e-10
1.7565 8.4914e-09 8.0923e-10
1.769 7.0264e-09 7.3602e-10
1.7815 9.1085e-09 8.3825e-10
1.794 9.1092e-09 8.3818e-10
1.8065 7.4089e-09 7.5598e-10
1.819 8.1815e-09 7.9446e-10
1.8315 8.3362e-09 8.02e-10
1.844 6.4836e-09 7.071e-10
1.8565 6.7141e-09 7.1973e-10
1.869 6.7163e-09 7.1995e-10
1.8815 5.8666e-09 6.7269e-10
1.894 5.7924e-09 6.686e-10
1.9065 6.33e-09 6.9875e-10
1.919 5.8664e-09 6.7274e-10
1.9315 5.9434e-09 6.7714e-10
1.944 5.7887e-09 6.6822e-10
1.9565 5.4034e-09 6.4565e-10
1.969 5.0189e-09 6.2236e-10
1.9815 4.7092e-09 6.0279e-10
1.994 4.9397e-09 6.1741e-10
2.0064 3.7081e-09 5.3488e-10
2.0189 4.3994e-09 5.8263e-10
2.0314 5.0175e-09 6.2221e-10
2.0439 3.7825e-09 5.4026e-10
2.0564 5.1713e-09 6.3165e-10
2.0689 5.0941e-09 6.2698e-10
2.0814 3.8603e-09 5.4581e-10
2.0939 3.1658e-09 4.9422e-10
2.1064 3.9373e-09 5.5124e-10
2.1189 3.5508e-09 5.2341e-10
2.1314 4.0917e-09 5.619e-10
2.1439 3.3191e-09 5.061e-10
2.1564 2.7799e-09 4.6325e-10
2.1689 2.7791e-09 4.6307e-10
2.1814 3.011e-09 4.8205e-10
2.1939 3.4743e-09 5.1789e-10
2.2064 3.0873e-09 4.8807e-10
2.2189 3.01e-09 4.8199e-10
2.2314 2.1616e-09 4.0846e-10
2.2439 1.9296e-09 3.8588e-10
2.2563 2.2379e-09 4.1553e-10
2.2688 1.3892e-09 3.2744e-10
2.2813 1.8527e-09 3.7815e-10
2.2938 2.1614e-09 4.0846e-10
2.3063 1.5439e-09 3.4523e-10
2.3188 1.7753e-09 3.7018e-10
2.3313 1.2351e-09 3.0877e-10
2.3438 1.6986e-09 3.621e-10
2.3563 1.4663e-09 3.3638e-10
2.3688 8.4902e-10 2.5599e-10
2.3813 1.3123e-09 3.1828e-10
2.3938 1.1584e-09 2.9899e-10
2.4063 1.158e-09 2.9893e-10
2.4188 8.492e-10 2.5604e-10
2.4313 1.0036e-09 2.7835e-10
2.4438 4.6311e-10 1.8907e-10
2.4563 5.4034e-10 2.0423e-10
2.4688 6.9471e-10 2.3157e-10
2.4813 1.5431e-10 1.0911e-10
2.4938 1.5443e-10 1.092e-10