0.000037865648876 0.0019615695825943025
0.0002002435615562348 0.013649255012219141
0.04453988933478392 0.035079402702062
0.07423314889130594 0.05846294676790553
0.07463363601442019 0.0857532835857493
0.08985214669271357 0.12278608266381164
0.09033845248506367 0.1559243487997647
0.10575720672491684 0.20660231628674885
0.10695866809425603 0.28847332674028003
0.1522709254521839 0.37618000670202945
0.15367263038307932 0.47169618556448256
0.17032145221534734 0.6061944732777012
0.18656978692450465 0.7134024241730759
0.20258927184902475 0.8050158968868257
0.2187231816658617 0.9044266086913879
0.2932996052341217 0.9862771861284338
0.33746761366887057 0.9960114751820582
0.3812637412035862 0.980404737190542
0.4102990576292793 0.9589541564842136
0.45400936649475554 0.9374994891745879
0.4982917998218248 0.9550310173190248
0.4976624629140751 0.9121462023195561
0.5116509059999519 0.865358681171384
0.6132316041552581 0.7873576840401796
0.7295159009734284 0.7113019100783811
0.8751215764480875 0.6332886531372854
1.0499055994638375 0.5435713643533768
1.2688576309143365 0.4635883646230927
1.44407074727628 0.4031107224297309
1.7511585520347204 0.32895113239777374
2.0291538279213093 0.27234350352673864
2.3073493473694544 0.2293810430646257
2.673509002787064 0.1805461336646208
3.039897507989311 0.14730570244624097
3.6262964748959963 0.10620673308759232
4.212867079141159 0.07680362236516258
4.75555573718237 0.057159320316139794
5.22486943302466 0.03753545128360214
5.650158151547597 0.017923842060955986
5.855407802143015 0.004221461205875077
5.972779135438206 0.002239458606795308
