0.01525 2.9623e-08 2.962e-08
0.04575 1.6609e-07 1.6607e-07
0.07625 3.619e-07 3.6186e-07
0.10675 1.3193e-06 1.3192e-06
0.13725 3.6325e-06 3.6322e-06
0.16775 6.7155e-06 6.7149e-06
0.19825 9.361e-06 9.3601e-06
0.22875 1.1024e-05 1.1023e-05
0.25925 1.1845e-05 1.1844e-05
0.28975 1.2149e-05 1.2148e-05
0.32025 1.2107e-05 1.2105e-05
0.35075 1.1869e-05 1.1868e-05
0.38125 1.1485e-05 1.1484e-05
0.41175 1.1122e-05 1.1121e-05
0.44225 1.0695e-05 1.0694e-05
0.47275 1.0255e-05 1.0254e-05
0.50325 1.1839e-05 1.1838e-05
0.53375 9.3125e-06 9.3116e-06
0.56425 8.9111e-06 8.9102e-06
0.59475 8.551e-06 8.5501e-06
0.62525 8.1845e-06 8.1837e-06
0.65575 7.8332e-06 7.8324e-06
0.68625 7.506e-06 7.5052e-06
0.71675 7.2181e-06 7.2173e-06
0.74725 6.9515e-06 6.9509e-06
0.77775 6.6879e-06 6.6872e-06
0.80825 6.4465e-06 6.4458e-06
0.83875 6.2121e-06 6.2115e-06
0.86925 5.9965e-06 5.9959e-06
0.89975 5.771e-06 5.7705e-06
0.93025 5.5696e-06 5.5691e-06
0.96075 5.3688e-06 5.3682e-06
0.99125 5.1803e-06 5.1798e-06
1.0217 5.0173e-06 5.0168e-06
1.0522 4.8673e-06 4.8668e-06
1.0827 4.693e-06 4.6925e-06
1.1132 4.5561e-06 4.5556e-06
1.1437 4.4044e-06 4.4039e-06
1.1742 4.2789e-06 4.2784e-06
1.2047 4.1384e-06 4.138e-06
1.2352 4.0161e-06 4.0157e-06
1.2657 3.8968e-06 3.8964e-06
1.2963 3.783e-06 3.7826e-06
1.3268 3.6608e-06 3.6605e-06
1.3573 3.5501e-06 3.5497e-06
1.3878 3.4556e-06 3.4552e-06
1.4183 3.356e-06 3.3557e-06
1.4487 3.2526e-06 3.2522e-06
1.4792 3.1612e-06 3.1609e-06
1.5097 3.0788e-06 3.0785e-06
1.5402 3.001e-06 3.0007e-06
1.5707 2.9089e-06 2.9086e-06
1.6012 2.8285e-06 2.8282e-06
1.6317 2.7506e-06 2.7503e-06
1.6622 2.6662e-06 2.666e-06
1.6927 2.6057e-06 2.6055e-06
1.7232 2.5298e-06 2.5295e-06
1.7537 2.4596e-06 2.4594e-06
1.7842 2.4063e-06 2.4061e-06
1.8148 2.3376e-06 2.3374e-06
1.8453 2.2796e-06 2.2794e-06
1.8758 2.2189e-06 2.2187e-06
1.9062 2.1549e-06 2.1547e-06
1.9367 2.0981e-06 2.0979e-06
1.9672 2.054e-06 2.0538e-06
1.9977 2.0033e-06 2.0031e-06
2.0282 1.9492e-06 1.949e-06
2.0587 1.907e-06 1.9068e-06
2.0892 1.8696e-06 1.8694e-06
2.1197 1.8113e-06 1.8111e-06
2.1502 1.7621e-06 1.7619e-06
2.1807 1.7293e-06 1.7291e-06
2.2112 1.6863e-06 1.6862e-06
2.2417 1.6502e-06 1.65e-06
2.2722 1.6113e-06 1.6111e-06
2.3027 1.5662e-06 1.5661e-06
2.3332 1.5322e-06 1.532e-06
2.3637 1.4959e-06 1.4957e-06
2.3942 1.464e-06 1.4638e-06
2.4247 1.4299e-06 1.4297e-06
2.4552 1.3959e-06 1.3957e-06
2.4857 1.3641e-06 1.3639e-06
2.5162 1.3438e-06 1.3437e-06
2.5467 1.3041e-06 1.304e-06
2.5772 1.2779e-06 1.2778e-06
2.6078 1.2489e-06 1.2488e-06
2.6383 1.2135e-06 1.2134e-06
2.6687 1.186e-06 1.1859e-06
2.6992 1.1623e-06 1.1622e-06
2.7298 1.1333e-06 1.1332e-06
2.7603 1.1186e-06 1.1185e-06
2.7908 1.0923e-06 1.0922e-06
2.8212 1.0656e-06 1.0655e-06
2.8518 1.0409e-06 1.0408e-06
2.8822 1.0224e-06 1.0223e-06
2.9127 1.0042e-06 1.0041e-06
2.9432 9.7974e-07 9.7964e-07
2.9737 9.5749e-07 9.5739e-07
3.0042 9.3671e-07 9.3662e-07
3.0347 9.1632e-07 9.1623e-07
3.0652 8.9924e-07 8.9915e-07
3.0957 8.7861e-07 8.7852e-07
3.1262 8.6207e-07 8.6198e-07
3.1567 8.4247e-07 8.4238e-07
3.1872 8.2748e-07 8.2739e-07
3.2177 8.0611e-07 8.0603e-07
3.2482 7.8964e-07 7.8956e-07
3.2787 7.8127e-07 7.812e-07
3.3092 7.6156e-07 7.6149e-07
3.3397 7.4209e-07 7.4201e-07
3.3702 7.2975e-07 7.2967e-07
3.4007 7.1633e-07 7.1626e-07
3.4312 6.9867e-07 6.986e-07
3.4617 6.8739e-07 6.8732e-07
3.4922 6.6767e-07 6.676e-07
3.5227 6.5481e-07 6.5474e-07
3.5532 6.3612e-07 6.3606e-07
3.5837 6.309e-07 6.3084e-07
3.6142 6.1529e-07 6.1523e-07
3.6448 6.0109e-07 6.0103e-07
3.6753 5.8405e-07 5.84e-07
3.7057 5.6697e-07 5.6692e-07
3.7362 5.6029e-07 5.6023e-07
3.7668 5.4818e-07 5.4812e-07
3.7973 5.3358e-07 5.3353e-07
3.8277 5.2465e-07 5.2459e-07
3.8582 5.1272e-07 5.1266e-07
3.8887 5.0924e-07 5.0919e-07
3.9192 4.9587e-07 4.9582e-07
3.9497 4.8042e-07 4.8037e-07
3.9802 4.7107e-07 4.7102e-07
4.0107 4.6142e-07 4.6138e-07
4.0412 4.5033e-07 4.5028e-07
4.0717 4.4145e-07 4.4141e-07
4.1022 4.3076e-07 4.3071e-07
4.1327 4.2065e-07 4.2061e-07
4.1632 4.0883e-07 4.0879e-07
4.1937 4.0134e-07 4.013e-07
4.2242 3.9281e-07 3.9277e-07
4.2547 3.8282e-07 3.8278e-07
4.2852 3.7586e-07 3.7582e-07
4.3157 3.6567e-07 3.6563e-07
4.3462 3.5655e-07 3.5652e-07
4.3767 3.4694e-07 3.4691e-07
4.4072 3.3698e-07 3.3694e-07
4.4377 3.3263e-07 3.326e-07
4.4682 3.2022e-07 3.2019e-07
4.4987 3.158e-07 3.1577e-07
4.5292 3.0651e-07 3.0648e-07
4.5598 2.9807e-07 2.9804e-07
4.5902 2.9017e-07 2.9014e-07
4.6207 2.7996e-07 2.7993e-07
4.6512 2.7527e-07 2.7524e-07
4.6818 2.6697e-07 2.6694e-07
4.7123 2.5642e-07 2.564e-07
4.7427 2.5249e-07 2.5246e-07
4.7732 2.4576e-07 2.4574e-07
4.8037 2.3502e-07 2.35e-07
4.8342 2.283e-07 2.2827e-07
4.8647 2.2219e-07 2.2217e-07
4.8952 2.1546e-07 2.1544e-07
4.9257 2.1028e-07 2.1026e-07
4.9562 2.0183e-07 2.0181e-07
4.9867 1.9577e-07 1.9575e-07
5.0172 1.8997e-07 1.8996e-07
5.0477 1.8297e-07 1.8295e-07
5.0782 1.7456e-07 1.7454e-07
5.1087 1.7181e-07 1.718e-07
5.1392 1.6526e-07 1.6524e-07
5.1697 1.611e-07 1.6109e-07
5.2002 1.5602e-07 1.5601e-07
5.2308 1.4883e-07 1.4882e-07
5.2613 1.4211e-07 1.4209e-07
5.2917 1.3729e-07 1.3728e-07
5.3223 1.3153e-07 1.3152e-07
5.3528 1.301e-07 1.3009e-07
5.3833 1.2224e-07 1.2223e-07
5.4138 1.1834e-07 1.1832e-07
5.4442 1.1196e-07 1.1195e-07
5.4748 1.0408e-07 1.0407e-07
5.5053 1.0305e-07 1.0304e-07
5.5358 9.6537e-08 9.6527e-08
5.5663 9.0454e-08 9.0445e-08
5.5968 8.7571e-08 8.7562e-08
5.6273 8.1776e-08 8.1768e-08
5.6578 7.6696e-08 7.6688e-08
5.6883 7.2695e-08 7.2688e-08
5.7188 6.6919e-08 6.6912e-08
5.7492 6.3496e-08 6.349e-08
5.7797 5.6999e-08 5.6993e-08
5.8102 5.2499e-08 5.2494e-08
5.8407 4.6361e-08 4.6357e-08
5.8712 4.2769e-08 4.2764e-08
5.9017 3.6994e-08 3.699e-08
5.9322 3.3071e-08 3.3067e-08
5.9627 2.8643e-08 2.864e-08
5.9932 2.4133e-08 2.4131e-08
6.0237 1.9648e-08 1.9646e-08
6.0542 1.4551e-08 1.455e-08
6.0847 1.0509e-08 1.0508e-08