0.015 5.5557e-07 1.0845e-09
0.045 4.8646e-06 3.5431e-09
0.075 4.7283e-06 3.5509e-09
0.105 3.7433e-06 3.1438e-09
0.135 3.0559e-06 2.8355e-09
0.165 2.5645e-06 2.5983e-09
0.195 2.2098e-06 2.4147e-09
0.225 1.9382e-06 2.264e-09
0.255 1.7256e-06 2.1388e-09
0.285 1.5549e-06 2.0331e-09
0.315 1.41e-06 1.9373e-09
0.345 1.2912e-06 1.8549e-09
0.375 1.1896e-06 1.7831e-09
0.405 1.0958e-06 1.7126e-09
0.435 1.0195e-06 1.6532e-09
0.465 9.5294e-07 1.5996e-09
0.495 8.9466e-07 1.551e-09
0.525 8.5327e-07 1.5154e-09
0.555 7.9287e-07 1.463e-09
0.585 7.4948e-07 1.424e-09
0.615 7.0942e-07 1.3862e-09
0.645 6.7337e-07 1.352e-09
0.675 6.3985e-07 1.3186e-09
0.705 6.0861e-07 1.2871e-09
0.735 5.8116e-07 1.2589e-09
0.765 5.5502e-07 1.2312e-09
0.795 5.2936e-07 1.2028e-09
0.825 5.0592e-07 1.1777e-09
0.855 4.8612e-07 1.1552e-09
0.885 4.6894e-07 1.1357e-09
0.915 4.4893e-07 1.1115e-09
0.945 4.2949e-07 1.0886e-09
0.975 4.1444e-07 1.0696e-09
1.005 4.0018e-07 1.0525e-09
1.035 3.846e-07 1.0325e-09
1.065 3.727e-07 1.0169e-09
1.095 3.5884e-07 9.9858e-10
1.125 3.4713e-07 9.8315e-10
1.155 3.3516e-07 9.6652e-10
1.185 3.2431e-07 9.5123e-10
1.215 3.1585e-07 9.3952e-10
1.245 3.0483e-07 9.2384e-10
1.275 2.957e-07 9.1026e-10
1.305 2.8523e-07 8.9482e-10
1.335 2.7643e-07 8.8096e-10
1.365 2.6842e-07 8.6875e-10
1.395 2.6233e-07 8.597e-10
1.425 2.5308e-07 8.4437e-10
1.455 2.469e-07 8.3438e-10
1.485 2.3932e-07 8.2224e-10
1.515 2.3246e-07 8.1101e-10
1.545 2.2589e-07 7.9954e-10
1.575 2.2028e-07 7.899e-10
1.605 2.1573e-07 7.823e-10
1.635 2.072e-07 7.6703e-10
1.665 2.0228e-07 7.5818e-10
1.695 1.9903e-07 7.5269e-10
1.725 1.9218e-07 7.3966e-10
1.755 1.8784e-07 7.3201e-10
1.785 1.8361e-07 7.2387e-10
1.815 1.7885e-07 7.1456e-10
1.845 1.7503e-07 7.0773e-10
1.875 1.6955e-07 6.964e-10
1.905 1.6579e-07 6.888e-10
1.935 1.6182e-07 6.8145e-10
1.965 1.5952e-07 6.7692e-10
1.995 1.5544e-07 6.6811e-10
2.025 1.5135e-07 6.5962e-10
2.055 1.4781e-07 6.5211e-10
2.085 1.4369e-07 6.43e-10
2.115 1.4147e-07 6.3827e-10
2.145 1.3945e-07 6.3432e-10
2.175 1.355e-07 6.2543e-10
2.205 1.3244e-07 6.1822e-10
2.235 1.294e-07 6.1174e-10
2.265 1.2706e-07 6.061e-10
2.295 1.2385e-07 5.9852e-10
2.325 1.2177e-07 5.9353e-10
2.355 1.1924e-07 5.8801e-10
2.385 1.1637e-07 5.8078e-10
2.415 1.1368e-07 5.7417e-10
2.445 1.1072e-07 5.6707e-10
2.475 1.0841e-07 5.613e-10
2.505 1.0588e-07 5.5492e-10
2.535 1.0404e-07 5.5029e-10
2.565 1.0238e-07 5.4615e-10
2.595 1.009e-07 5.4246e-10
2.625 9.7881e-08 5.3414e-10
2.655 9.6469e-08 5.3034e-10
2.685 9.4894e-08 5.263e-10
2.715 9.3106e-08 5.2159e-10
2.745 9.0444e-08 5.1412e-10
2.775 8.9424e-08 5.1124e-10
2.805 8.8105e-08 5.0772e-10
2.835 8.6381e-08 5.0303e-10
2.865 8.3495e-08 4.9426e-10
2.895 8.2178e-08 4.9078e-10
2.925 8.0596e-08 4.8605e-10
2.955 7.8998e-08 4.8152e-10
2.985 7.837e-08 4.7967e-10
3.015 7.6504e-08 4.7429e-10
3.045 7.3952e-08 4.663e-10
3.075 7.3573e-08 4.6525e-10
3.105 7.0715e-08 4.5606e-10
3.135 7.0942e-08 4.5698e-10
3.165 6.9929e-08 4.5395e-10
3.195 6.8726e-08 4.5009e-10
3.225 6.6887e-08 4.4397e-10
3.255 6.6197e-08 4.42e-10
3.285 6.4808e-08 4.3755e-10
3.315 6.2551e-08 4.2972e-10
3.345 6.1676e-08 4.2686e-10
3.375 6.0114e-08 4.2136e-10
3.405 5.9066e-08 4.1803e-10
3.435 5.8806e-08 4.1713e-10
3.465 5.7572e-08 4.1284e-10
3.495 5.6691e-08 4.0981e-10
3.525 5.5504e-08 4.0542e-10
3.555 5.4663e-08 4.0247e-10
3.585 5.3328e-08 3.9779e-10
3.615 5.2661e-08 3.9517e-10
3.645 5.1234e-08 3.8995e-10
3.675 4.9911e-08 3.8493e-10
3.705 4.914e-08 3.8208e-10
3.735 4.8809e-08 3.8072e-10
3.765 4.7589e-08 3.7621e-10
3.795 4.7013e-08 3.7389e-10
3.825 4.5868e-08 3.6948e-10
3.855 4.5808e-08 3.6932e-10
3.885 4.4198e-08 3.6273e-10
3.915 4.355e-08 3.6018e-10
3.945 4.2067e-08 3.5419e-10
3.975 4.1669e-08 3.524e-10
4.005 4.1334e-08 3.5123e-10
4.035 3.9959e-08 3.4537e-10
4.065 3.9293e-08 3.4257e-10
4.095 3.9438e-08 3.4339e-10
4.125 3.7408e-08 3.3441e-10
4.155 3.7045e-08 3.3285e-10
4.185 3.608e-08 3.2846e-10
4.215 3.5601e-08 3.2642e-10
4.245 3.4413e-08 3.2095e-10
4.275 3.4385e-08 3.2104e-10
4.305 3.3394e-08 3.1627e-10
4.335 3.2073e-08 3.1015e-10
4.365 3.1782e-08 3.0861e-10
4.395 3.1738e-08 3.0855e-10
4.425 3.008e-08 3.0036e-10
4.455 3.0047e-08 3.0024e-10
4.485 2.8955e-08 2.9491e-10
4.515 2.8943e-08 2.9475e-10
4.545 2.7828e-08 2.8914e-10
4.575 2.6775e-08 2.8359e-10
4.605 2.648e-08 2.8206e-10
4.635 2.5744e-08 2.7817e-10
4.665 2.5253e-08 2.7562e-10
4.695 2.4773e-08 2.7316e-10
4.725 2.4362e-08 2.7087e-10
4.755 2.3477e-08 2.6599e-10
4.785 2.2616e-08 2.6106e-10
4.815 2.239e-08 2.597e-10
4.845 2.171e-08 2.5594e-10
4.875 2.1681e-08 2.5561e-10
4.905 2.0913e-08 2.5116e-10
4.935 1.9895e-08 2.4491e-10
4.965 1.9567e-08 2.4294e-10
4.995 1.8461e-08 2.3604e-10
5.025 1.765e-08 2.3094e-10
5.055 1.7576e-08 2.3036e-10
5.085 1.7228e-08 2.2807e-10
5.115 1.641e-08 2.2267e-10
5.145 1.6378e-08 2.2257e-10
5.175 1.5752e-08 2.1826e-10
5.205 1.4705e-08 2.1085e-10
5.235 1.4605e-08 2.1021e-10
5.265 1.369e-08 2.0356e-10
5.295 1.3353e-08 2.01e-10
5.325 1.2332e-08 1.9321e-10
5.355 1.1843e-08 1.8927e-10
5.385 1.1582e-08 1.8731e-10
5.415 1.0774e-08 1.8066e-10
5.445 1.01e-08 1.7488e-10
5.475 9.7901e-09 1.7234e-10
5.505 8.9893e-09 1.6506e-10
5.535 8.5515e-09 1.6107e-10
5.565 8.1902e-09 1.5757e-10
5.595 7.4656e-09 1.5048e-10
5.625 7.1619e-09 1.474e-10
5.655 6.2502e-09 1.3771e-10
5.685 5.7501e-09 1.321e-10
5.715 5.37e-09 1.2775e-10
5.745 4.5694e-09 1.1795e-10
5.775 4.1626e-09 1.1243e-10
5.805 3.6736e-09 1.0563e-10
5.835 3.2626e-09 9.9565e-11
5.865 2.5239e-09 8.7589e-11
5.895 2.1135e-09 8.0265e-11
5.925 1.4626e-09 6.6688e-11
5.955 8.3649e-10 5.0432e-11
5.985 3.3171e-10 3.1772e-11