0.015 7.3577e-10 1.4087e-10
0.045 2.4823e-09 2.7752e-10
0.075 6.6649e-09 4.5886e-10
0.105 3.0928e-08 9.9075e-10
0.135 5.1172e-08 1.2751e-09
0.165 4.9249e-08 1.2509e-09
0.195 5.9331e-08 1.3729e-09
0.225 9.2506e-08 1.7144e-09
0.255 1.6468e-07 2.2877e-09
0.285 2.6388e-07 2.899e-09
0.315 3.6312e-07 3.4042e-09
0.345 4.6127e-07 3.8379e-09
0.375 5.4156e-07 4.1621e-09
0.405 5.9683e-07 4.3705e-09
0.435 6.5081e-07 4.566e-09
0.465 6.6803e-07 4.627e-09
0.495 6.7923e-07 4.6681e-09
0.525 8.1455e-07 5.1098e-09
0.555 6.8053e-07 4.6738e-09
0.585 6.7151e-07 4.6453e-09
0.615 6.5745e-07 4.597e-09
0.645 6.4084e-07 4.5383e-09
0.675 6.3078e-07 4.4993e-09
0.705 6.1141e-07 4.4368e-09
0.735 6.0081e-07 4.3987e-09
0.765 5.8608e-07 4.3427e-09
0.795 5.7226e-07 4.2911e-09
0.825 5.4236e-07 4.1764e-09
0.855 5.3074e-07 4.1303e-09
0.885 5.162e-07 4.0743e-09
0.915 4.9715e-07 3.9968e-09
0.945 4.8423e-07 3.9459e-09
0.975 4.7364e-07 3.9014e-09
1.005 4.6213e-07 3.8514e-09
1.035 4.479e-07 3.7951e-09
1.065 4.3675e-07 3.7469e-09
1.095 4.2172e-07 3.6845e-09
1.125 4.0901e-07 3.629e-09
1.155 3.9696e-07 3.5775e-09
1.185 3.8323e-07 3.5057e-09
1.215 3.7506e-07 3.4719e-09
1.245 3.6615e-07 3.4312e-09
1.275 3.4866e-07 3.3465e-09
1.305 3.4797e-07 3.348e-09
1.335 3.3301e-07 3.2734e-09
1.365 3.2203e-07 3.2179e-09
1.395 3.1478e-07 3.1826e-09
1.425 3.1045e-07 3.1593e-09
1.455 2.9483e-07 3.076e-09
1.485 2.915e-07 3.0608e-09
1.515 2.8652e-07 3.0349e-09
1.545 2.7858e-07 2.9918e-09
1.575 2.7407e-07 2.9695e-09
1.605 2.6176e-07 2.9025e-09
1.635 2.5028e-07 2.8354e-09
1.665 2.5134e-07 2.8415e-09
1.695 2.4208e-07 2.7886e-09
1.725 2.3445e-07 2.7443e-09
1.755 2.3276e-07 2.7344e-09
1.785 2.2965e-07 2.7152e-09
1.815 2.2148e-07 2.6662e-09
1.845 2.1798e-07 2.648e-09
1.875 2.0847e-07 2.5879e-09
1.905 2.0179e-07 2.548e-09
1.935 2.0192e-07 2.5477e-09
1.965 2.0028e-07 2.5351e-09
1.995 1.8948e-07 2.4684e-09
2.025 1.8641e-07 2.451e-09
2.055 1.815e-07 2.4163e-09
2.085 1.8339e-07 2.428e-09
2.115 1.7332e-07 2.3585e-09
2.145 1.7261e-07 2.3565e-09
2.175 1.6457e-07 2.3002e-09
2.205 1.6145e-07 2.2772e-09
2.235 1.6065e-07 2.2734e-09
2.265 1.5356e-07 2.2211e-09
2.295 1.5276e-07 2.2168e-09
2.325 1.4629e-07 2.1681e-09
2.355 1.4654e-07 2.17e-09
2.385 1.459e-07 2.1654e-09
2.415 1.3952e-07 2.1152e-09
2.445 1.3724e-07 2.0989e-09
2.475 1.3329e-07 2.0696e-09
2.505 1.3342e-07 2.0716e-09
2.535 1.3204e-07 2.0585e-09
2.565 1.2502e-07 2.0041e-09
2.595 1.2838e-07 2.0304e-09
2.625 1.257e-07 2.0127e-09
2.655 1.2055e-07 1.9672e-09
2.685 1.2065e-07 1.9686e-09
2.715 1.1437e-07 1.9178e-09
2.745 1.1381e-07 1.9122e-09
2.775 1.1225e-07 1.8996e-09
2.805 1.0837e-07 1.8654e-09
2.835 1.0859e-07 1.8691e-09
2.865 1.0239e-07 1.8141e-09
2.895 1.0204e-07 1.8121e-09
2.925 9.8833e-08 1.7818e-09
2.955 1.0044e-07 1.7945e-09
2.985 9.5883e-08 1.7568e-09
3.015 9.2509e-08 1.7246e-09
3.045 9.646e-08 1.761e-09
3.075 9.3405e-08 1.7324e-09
3.105 8.8692e-08 1.6876e-09
3.135 8.6764e-08 1.668e-09
3.165 8.8246e-08 1.6834e-09
3.195 8.2147e-08 1.6237e-09
3.225 8.0668e-08 1.6103e-09
3.255 7.9451e-08 1.5975e-09
3.285 7.9768e-08 1.6008e-09
3.315 7.7937e-08 1.5811e-09
3.345 7.7391e-08 1.5768e-09
3.375 7.4248e-08 1.5439e-09
3.405 7.7487e-08 1.5779e-09
3.435 7.3735e-08 1.5392e-09
3.465 7.1325e-08 1.5133e-09
3.495 7.0428e-08 1.5058e-09
3.525 7.1452e-08 1.5147e-09
3.555 6.9109e-08 1.4911e-09
3.585 6.6735e-08 1.4639e-09
3.615 7.0042e-08 1.5011e-09
3.645 6.7215e-08 1.4685e-09
3.675 6.3555e-08 1.428e-09
3.705 6.1953e-08 1.4113e-09
3.735 6.1885e-08 1.4106e-09
3.765 6.054e-08 1.3959e-09
3.795 6.0056e-08 1.3882e-09
3.825 5.8225e-08 1.3699e-09
3.855 5.8932e-08 1.3759e-09
3.885 5.6333e-08 1.3445e-09
3.915 5.5528e-08 1.3364e-09
3.945 5.3378e-08 1.3088e-09
3.975 5.4308e-08 1.3202e-09
4.005 5.3605e-08 1.3147e-09
4.035 5.1128e-08 1.2834e-09
4.065 4.9687e-08 1.2644e-09
4.095 4.8913e-08 1.2529e-09
4.125 4.8304e-08 1.2459e-09
4.155 4.9172e-08 1.2563e-09
4.185 4.5318e-08 1.206e-09
4.215 4.5576e-08 1.2095e-09
4.245 4.5769e-08 1.2129e-09
4.275 4.2784e-08 1.1727e-09
4.305 4.1821e-08 1.1586e-09
4.335 4.2362e-08 1.167e-09
4.365 4.0083e-08 1.1352e-09
4.395 3.9989e-08 1.133e-09
4.425 4.0182e-08 1.1357e-09
4.455 3.9186e-08 1.1234e-09
4.485 3.7033e-08 1.0913e-09
4.515 3.6617e-08 1.0842e-09
4.545 3.6168e-08 1.0785e-09
4.575 3.5781e-08 1.0718e-09
4.605 3.4498e-08 1.0524e-09
4.635 3.469e-08 1.0553e-09
4.665 3.501e-08 1.0602e-09
4.695 3.1383e-08 1.0037e-09
4.725 3.1864e-08 1.0115e-09
4.755 3.1188e-08 1.0007e-09
4.785 3e-08 9.8144e-10
4.815 3.0804e-08 9.945e-10
4.845 2.9936e-08 9.8356e-10
4.875 2.7913e-08 9.467e-10
4.905 2.7559e-08 9.407e-10
4.935 2.5955e-08 9.1289e-10
4.965 2.7464e-08 9.3907e-10
4.995 2.528e-08 9.0097e-10
5.025 2.56e-08 9.0668e-10
5.055 2.4284e-08 8.8306e-10
5.085 2.4765e-08 8.9293e-10
5.115 2.3609e-08 8.7072e-10
5.145 2.1362e-08 8.2947e-10
5.175 2.226e-08 8.4549e-10
5.205 2.1683e-08 8.3568e-10
5.235 1.998e-08 8.0102e-10
5.265 1.9466e-08 7.9066e-10
5.295 1.969e-08 7.9652e-10
5.325 1.8856e-08 7.7951e-10
5.355 1.7121e-08 7.4292e-10
5.385 1.6511e-08 7.2819e-10
5.415 1.5419e-08 7.037e-10
5.445 1.529e-08 7.0078e-10
5.475 1.4359e-08 6.7909e-10
5.505 1.3427e-08 6.567e-10
5.535 1.4038e-08 6.7147e-10
5.565 1.2528e-08 6.3434e-10
5.595 1.301e-08 6.4643e-10
5.625 1.0858e-08 5.9054e-10
5.655 1.0536e-08 5.8175e-10
5.685 8.577e-09 5.2684e-10
5.715 9.2519e-09 5.4513e-10
5.745 7.5814e-09 4.9348e-10
5.775 6.8746e-09 4.6991e-10
5.805 6.5854e-09 4.5993e-10
5.835 5.9429e-09 4.3692e-10
5.865 5.1399e-09 4.0633e-10
5.895 4.626e-09 3.8548e-10
5.925 3.5015e-09 3.3538e-10
5.955 2.4415e-09 2.8005e-10
5.985 1.3171e-09 2.0569e-10