0.0072475 3.5734e-12 1.4006e-12
0.019743 3.196e-10 1.5252e-10
0.032238 2.288e-10 1.309e-10
0.044733 4.7098e-10 1.9064e-10
0.057228 4.6511e-10 1.8876e-10
0.069722 1.0805e-09 2.8788e-10
0.082217 2.9423e-09 4.7448e-10
0.094713 6.256e-09 6.9273e-10
0.10721 1.366e-08 1.0242e-09
0.1197 1.9227e-08 1.2196e-09
0.1322 1.6367e-08 1.1204e-09
0.14469 1.8864e-08 1.202e-09
0.15719 2.6705e-08 1.4297e-09
0.16968 3.0378e-08 1.5244e-09
0.18218 4.6081e-08 1.8763e-09
0.19467 5.9774e-08 2.1369e-09
0.20717 8.4433e-08 2.5411e-09
0.21966 1.0628e-07 2.8515e-09
0.23216 1.4283e-07 3.3065e-09
0.24465 1.591e-07 3.4919e-09
0.25715 1.8413e-07 3.7554e-09
0.26964 1.931e-07 3.8508e-09
0.28214 2.0724e-07 3.9865e-09
0.29463 2.231e-07 4.1393e-09
0.30713 2.3614e-07 4.2561e-09
0.31962 2.334e-07 4.2328e-09
0.33212 2.3696e-07 4.264e-09
0.34461 2.3997e-07 4.2898e-09
0.35711 2.5785e-07 4.449e-09
0.3696 2.502e-07 4.3836e-09
0.3821 2.4634e-07 4.3519e-09
0.39459 2.4409e-07 4.3305e-09
0.40709 2.3959e-07 4.2905e-09
0.41958 2.3703e-07 4.2698e-09
0.43208 2.2959e-07 4.2053e-09
0.44457 2.3192e-07 4.2272e-09
0.45707 2.2239e-07 4.1371e-09
0.46956 2.1199e-07 4.0376e-09
0.48206 2.1068e-07 4.0242e-09
0.49455 2.1191e-07 4.0361e-09
0.50705 2.0842e-07 4.0031e-09
0.51954 1.9281e-07 3.8552e-09
0.53204 2.0016e-07 3.9248e-09
0.54453 1.8253e-07 3.7467e-09
0.55703 1.9174e-07 3.8405e-09
0.56952 1.842e-07 3.7696e-09
0.58202 1.786e-07 3.7101e-09
0.59451 1.746e-07 3.6651e-09
0.60701 1.6474e-07 3.5674e-09
0.6195 1.6268e-07 3.5379e-09
0.632 1.576e-07 3.4861e-09
0.64449 1.5767e-07 3.4841e-09
0.65699 1.4526e-07 3.3442e-09
0.66948 1.4903e-07 3.3891e-09
0.68198 1.4192e-07 3.3059e-09
0.69447 1.4245e-07 3.3118e-09
0.70697 1.3553e-07 3.2307e-09
0.71946 1.3143e-07 3.1832e-09
0.73196 1.2219e-07 3.0682e-09
0.74445 1.2744e-07 3.132e-09
0.75695 1.1616e-07 2.9897e-09
0.76944 1.236e-07 3.0881e-09
0.78194 1.079e-07 2.8815e-09
0.79443 1.0891e-07 2.8969e-09
0.80693 1.1131e-07 2.9311e-09
0.81942 1.1061e-07 2.9242e-09
0.83192 1.0498e-07 2.8429e-09
0.84441 1.0065e-07 2.7833e-09
0.85691 1.0114e-07 2.7928e-09
0.8694 9.5789e-08 2.7157e-09
0.8819 9.5498e-08 2.7118e-09
0.89439 8.9933e-08 2.6338e-09
0.90689 8.955e-08 2.6259e-09
0.91938 9.1176e-08 2.6521e-09
0.93188 8.6449e-08 2.5799e-09
0.94437 8.5324e-08 2.5659e-09
0.95687 8.1279e-08 2.5041e-09
0.96936 7.8973e-08 2.4662e-09
0.98186 8.0531e-08 2.4905e-09
0.99435 8.1371e-08 2.5059e-09
1.0068 7.4405e-08 2.3938e-09
1.0193 7.4404e-08 2.3964e-09
1.0318 7.0718e-08 2.3339e-09
1.0443 7.1336e-08 2.3443e-09
1.0568 6.7091e-08 2.2758e-09
1.0693 6.98e-08 2.3216e-09
1.0818 6.9105e-08 2.3078e-09
1.0943 6.5382e-08 2.2444e-09
1.1068 6.339e-08 2.2101e-09
1.1193 6.1138e-08 2.1731e-09
1.1318 6.1057e-08 2.1714e-09
1.1443 5.8162e-08 2.1174e-09
1.1568 5.5984e-08 2.077e-09
1.1693 6.0068e-08 2.1516e-09
1.1818 5.6427e-08 2.0855e-09
1.1943 5.797e-08 2.1137e-09
1.2068 5.3729e-08 2.0349e-09
1.2193 5.1968e-08 2.0045e-09
1.2318 5.0205e-08 1.9676e-09
1.2443 5.1749e-08 1.9974e-09
1.2567 5.113e-08 1.9857e-09
1.2692 4.7715e-08 1.9179e-09
1.2817 4.9204e-08 1.9508e-09
1.2942 4.0266e-08 1.7622e-09
1.3067 4.3082e-08 1.8223e-09
1.3192 4.5026e-08 1.8633e-09
1.3317 3.9941e-08 1.7549e-09
1.3442 4.3709e-08 1.8357e-09
1.3567 4.1466e-08 1.7882e-09
1.3692 4.1925e-08 1.7979e-09
1.3817 3.6907e-08 1.6905e-09
1.3942 4.0307e-08 1.7628e-09
1.4067 3.7065e-08 1.6905e-09
1.4192 3.8672e-08 1.7266e-09
1.4317 3.8919e-08 1.7324e-09
1.4442 3.6136e-08 1.6694e-09
1.4567 3.4822e-08 1.6385e-09
1.4692 3.2736e-08 1.5923e-09
1.4817 3.3895e-08 1.6166e-09
1.4942 3.5764e-08 1.6612e-09
1.5066 3.2426e-08 1.581e-09
1.5191 3.5059e-08 1.6443e-09
1.5316 3.1884e-08 1.5679e-09
1.5441 3.219e-08 1.5755e-09
1.5566 2.8573e-08 1.4845e-09
1.5691 2.9948e-08 1.5197e-09
1.5816 2.7406e-08 1.4537e-09
1.5941 3.2654e-08 1.587e-09
1.6066 3.0031e-08 1.5218e-09
1.6191 2.4398e-08 1.3719e-09
1.6316 2.6872e-08 1.4397e-09
1.6441 2.7884e-08 1.4668e-09
1.6566 2.5101e-08 1.3916e-09
1.6691 2.6242e-08 1.4226e-09
1.6816 2.564e-08 1.4108e-09
1.6941 2.517e-08 1.3935e-09
1.7066 2.563e-08 1.4061e-09
1.7191 2.5634e-08 1.4062e-09
1.7316 2.2153e-08 1.3071e-09
1.7441 2.2471e-08 1.3165e-09
1.7565 2.2704e-08 1.3236e-09
1.769 2.1612e-08 1.2911e-09
1.7815 2.3624e-08 1.35e-09
1.794 1.8759e-08 1.2028e-09
1.8065 2.0149e-08 1.2468e-09
1.819 1.9996e-08 1.2419e-09
1.8315 1.9458e-08 1.2254e-09
1.844 1.8529e-08 1.1956e-09
1.8565 1.9225e-08 1.218e-09
1.869 1.6912e-08 1.1424e-09
1.8815 1.868e-08 1.2004e-09
1.894 1.5676e-08 1.0998e-09
1.9065 1.6366e-08 1.1236e-09
1.919 1.7368e-08 1.1576e-09
1.9315 1.4593e-08 1.0612e-09
1.944 1.536e-08 1.0886e-09
1.9565 1.3971e-08 1.0382e-09
1.969 1.6983e-08 1.1447e-09
1.9815 1.405e-08 1.0412e-09
1.994 1.305e-08 1.0035e-09
2.0064 1.4438e-08 1.0554e-09
2.0189 1.4821e-08 1.0694e-09
2.0314 1.4821e-08 1.0695e-09
2.0439 1.2505e-08 9.8232e-10
2.0564 1.2661e-08 9.884e-10
2.0689 1.073e-08 9.0985e-10
2.0814 1.3044e-08 1.0033e-09
2.0939 1.104e-08 9.2311e-10
2.1064 1.2891e-08 9.9736e-10
2.1189 1.1349e-08 9.3582e-10
2.1314 9.8036e-09 8.6976e-10
2.1439 1.1502e-08 9.4219e-10
2.1564 9.8047e-09 8.6981e-10
2.1689 9.3414e-09 8.4914e-10
2.1814 7.2587e-09 7.4841e-10
2.1939 9.2652e-09 8.4566e-10
2.2064 9.0315e-09 8.3487e-10
2.2189 9.8045e-09 8.6989e-10
2.2314 8.1826e-09 7.947e-10
2.2439 6.7177e-09 7.2011e-10
2.2563 6.8718e-09 7.2823e-10
2.2688 6.1763e-09 6.9041e-10
2.2813 7.3331e-09 7.5228e-10
2.2938 5.0186e-09 6.2233e-10
2.3063 5.4042e-09 6.4585e-10
2.3188 4.6314e-09 5.9792e-10
2.3313 5.7897e-09 6.6846e-10
2.3438 4.3231e-09 5.7767e-10
2.3563 4.5544e-09 5.9288e-10
2.3688 5.4809e-09 6.5046e-10
2.3813 5.3271e-09 6.4126e-10
2.3938 4.092e-09 5.6207e-10
2.4063 4.323e-09 5.7763e-10
2.4188 3.8598e-09 5.4586e-10
2.4313 3.2427e-09 5.0033e-10
2.4438 3.0118e-09 4.8227e-10
2.4563 2.0848e-09 4.0122e-10
2.4688 1.7752e-09 3.7015e-10
2.4813 1.5442e-09 3.4529e-10
2.4938 5.4033e-10 2.0423e-10